// Experience Tables [Renewal]
// Only official levels included, check db/import-tmpl/job_exp.txt for an expanded list
//
// Structure of Database:
// Max Level,Class list,Type,Exp for Lv 1,2,3,4,5,6,7,8,9,10,11,12,13,14,15,16,17,18,19,20,21,22,23,24,25,26,27,28,29,30,31,32,33,34,35,36,37,38,39,40,41,42,43,44,45,46,47,48,49,50,51,52,53,54,55,56,57,58,59,60,61,62,63,64,65,66,67,68,69,70,71,72,73,74,75,76,77,78,79,80,81,82,83,84,85,86,87,88,89,90,91,92,93,94,95,96,97,98,99,100,101,102,103,104,105,106,107,108,109,110,111,112,113,114,115,116,117,118,119,120,121,122,123,124,125,126,127,128,129,130,131,132,133,134,135,136,137,138,139,140,141,142,143,144,145,146,147,148,149,150,151,152,153,154,155,156,157,158,159,160,161,162,163,164,165,166,167,168,169,170,171,172,173,174,175
//
// Type:
//	0 = Base Exp, 1 = Job Exp

//Base - Normal and Baby Jobs
300,0:1:2:3:4:5:6:7:8:9:10:11:12:13:14:15:16:17:18:19:20:21:23:24:25:4023:4024:4025:4026:4027:4028:4029:4030:4031:4032:4033:4034:4035:4036:4037:4038:4039:4040:4041:4042:4043:4044:4045:4046:4047:4048:4049:4050:4051:4052:4222:4225:4226:4227:4228:4238:4001:4002:4003:4004:4005:4006:4007:4008:4009:4010:4011:4012:4013:4014:4015:4016:4017:4018:4019:4020:4021:4022:4190:4191,0,10,18,28,40,85,123,168,220,278,400,481,613,731,875,1038,1213,1400,1575,1775,2268,2604,2786,3136,3506,4130,4796,5508,6264,9645,12392,14220,16159,18209,21649,24451,27401,30499,33748,47342,58160,64711,71573,78749,90144,99312,108870,118816,129154,174196,213220,238080,264150,291427,329640,363155,398116,434526,472381,610848,731828,806448,884232,965180,1073896,1170382,1270556,1374422,1481976,1850800,3389616,3666333,3953534,4251217,4559382,5129260,5488173,5859059,6241919,7374168,9570662,10458427,11380262,12336168,13326144,14994907,16130400,17304206,18516326,19766760,29216160,34949880,40930560,55017900,71510400,106974000,146061000,174405000,343210000,345210000,347210000,349210000,351210000,353210000,355210000,357210000,359210000,361210000,363210000,365210000,367210000,369210000,371210000,373210000,375210000,377210000,379210000,381210000,383210000,385210000,387210000,389210000,391210000,393210000,395210000,397210000,399210000,401210000,403210000,405210000,407210000,409210000,411210000,413210000,415210000,417210000,419210000,421210000,423210000,425210000,427210000,429210000,431210000,433210000,435210000,437210000,439210000,441210000,443210000,445210000,447210000,449210000,451210000,453210000,455210000,457210000,459210000,461210000,463210000,465210000,467210000,469210000,471210000,473210000,475210000,477210000,479210000,481210000,483210000,485210000,487210000,489210000,491210000,493210000,495210000,497210000,499210000,501210000,503210000,505210000,507210000,509210000,511210000,513210000,515210000,517210000,519210000,521210000,523210000,525210000,527210000,529210000,531210000,533210000,535210000,537210000,539210000,541210000,543210000,545210000,547210000,549210000,551210000,553210000,555210000,557210000,559210000,561210000,563210000,565210000,567210000,569210000,571210000,573210000,575210000,577210000,579210000,581210000,583210000,585210000,587210000,589210000,591210000,593210000,595210000,597210000,599210000,601210000,603210000,605210000,607210000,609210000,611210000,613210000,615210000,617210000,619210000,621210000,623210000,625210000,627210000,629210000,631210000,633210000,635210000,637210000,639210000,641210000,643210000,645210000,647210000,649210000,651210000,653210000,655210000,657210000,659210000,661210000,663210000,665210000,667210000,669210000,671210000,673210000,675210000,677210000,679210000,681210000,683210000,685210000,687210000,689210000,691210000,693210000,695210000,697210000,699210000,701210000,703210000,705210000,707210000,709210000,711210000,713210000,715210000,717210000,719210000,721210000,723210000,725210000,727210000,729210000,731210000,733210000,735210000,737210000,739210000,741210000,743210000,745210000,747210000,749210000,751210000,753210000,755210000,757210000,759210000,761210000,763210000,765210000,767210000,769210000,771210000,773210000,775210000,777210000,779210000,781210000,783210000,785210000,787210000,789210000,791210000,793210000,795210000,797210000,799210000,801210000,803210000,805210000,807210000,809210000,811210000,813210000,815210000,817210000,819210000,821210000,823210000,825210000,827210000,829210000,831210000,833210000,835210000,837210000,839210000,841210000,843210000,845210000,847210000,849210000,851210000,853210000,855210000,857210000,859210000,861210000,863210000,865210000,867210000,869210000,871210000,873210000,875210000,877210000,879210000,881210000,883210000,885210000,887210000,889210000,891210000,893210000,895210000,897210000,899210000,901210000,903210000,905210000,907210000,909210000,911210000,913210000,915210000,917210000,919210000,921210000,923210000,925210000,927210000,929210000,931210000,933210000,935210000,937210000,939210000,941210000,943210000,945210000,947210000,949210000,951210000,953210000,955210000,957210000,959210000,961210000,963210000,965210000,967210000,969210000,971210000,973210000,975210000,977210000,979210000,981210000,983210000,985210000,987210000,989210000,991210000,993210000,995210000,997210000,999210000,1001210000,1003210000,1005210000,1007210000,1009210000,1011210000,1013210000,1015210000,1017210000,1019210000,1021210000,1023210000,1025210000,1027210000,1029210000,1031210000,1033210000,1035210000,1037210000,1039210000,1041210000,1043210000,1045210000,1047210000,1049210000,1051210000,1053210000,1055210000,1057210000,1059210000,1061210000,1063210000,1065210000,1067210000,1069210000,1071210000,1073210000,1075210000,1077210000,1079210000,1081210000,1083210000,1085210000,1087210000,1089210000,1091210000,1093210000,1095210000,1097210000,1099210000,1101210000,1103210000,1105210000,1107210000,1109210000,1111210000,1113210000,1115210000,1117210000,1119210000,1121210000,1123210000,1125210000,1127210000,1129210000,1131210000,1133210000,1135210000,1137210000,1139210000,1141210000,1143210000,1145210000,1147210000,1149210000,1151210000,1153210000,1155210000,1157210000,1159210000,1161210000,1163210000,1165210000,1167210000,1169210000,1171210000,1173210000,1175210000,1177210000,1179210000,1181210000,1183210000,1185210000,1187210000,1189210000,1191210000,1193210000,1195210000,1197210000,1199210000,1201210000,1203210000,1205210000,1207210000,1209210000,1211210000,1213210000,1215210000,1217210000,1219210000,1221210000,1223210000,1225210000,1227210000,1229210000,1231210000,1233210000,1235210000,1237210000,1239210000,1241210000,1243210000,1245210000,1247210000,1249210000,1251210000,1253210000,1255210000,1257210000,1259210000,1261210000,1263210000,1265210000,1267210000,1269210000,1271210000,1273210000,1275210000,1277210000,1279210000,1281210000,1283210000,1285210000,1287210000,1289210000,1291210000,1293210000,1295210000,1297210000,1299210000,1301210000,1303210000,1305210000,1307210000,1309210000,1311210000,1313210000,1315210000,1317210000,1319210000,1321210000,1323210000,1325210000,1327210000,1329210000,1331210000,1333210000,1335210000,1337210000,1339210000,1341210000,1343210000,1345210000,1347210000,1349210000,1351210000,1353210000,1355210000,1357210000,1359210000,1361210000,1363210000,1365210000,1367210000,1369210000,1371210000,1373210000,1375210000,1377210000,1379210000,1381210000,1383210000,1385210000,1387210000,1389210000,1391210000,1393210000,1395210000,1397210000,1399210000,1401210000,1403210000,1405210000,1407210000,1409210000,1411210000,1413210000,1415210000,1417210000,1419210000,1421210000,1423210000,1425210000,1427210000,1429210000,1431210000,1433210000,1435210000,1437210000,1439210000,1441210000,1443210000,1445210000,1447210000,1449210000,1451210000,1453210000,1455210000,1457210000,1459210000,1461210000,1463210000,1465210000,1467210000,1469210000,1471210000,1473210000,1475210000,1477210000,1479210000,1481210000,1483210000,1485210000,1487210000,1489210000,1491210000,1493210000,1495210000,1497210000,1499210000,1501210000,1503210000,1505210000,1507210000,1509210000,1511210000,1513210000,1515210000,1517210000,1519210000,1521210000,1523210000,1525210000,1527210000,1529210000,1531210000,1533210000,1535210000,1537210000,1539210000,1541210000,1543210000,1545210000,1547210000,1549210000,1551210000,1553210000,1555210000,1557210000,1559210000,1561210000,1563210000,1565210000,1567210000,1569210000,1571210000,1573210000,1575210000,1577210000,1579210000,1581210000,1583210000,1585210000,1587210000,1589210000,1591210000,1593210000,1595210000,1597210000,1599210000,1601210000,1603210000,1605210000,1607210000,1609210000,1611210000,1613210000,1615210000,1617210000,1619210000,1621210000,1623210000,1625210000,1627210000,1629210000,1631210000,1633210000,1635210000,1637210000,1639210000,1641210000,1643210000,1645210000,1647210000,1649210000,1651210000,1653210000,1655210000,1657210000,1659210000,1661210000,1663210000,1665210000,1667210000,1669210000,1671210000,1673210000,1675210000,1677210000,1679210000,1681210000,1683210000,1685210000,1687210000,1689210000,1691210000,1693210000,1695210000,1697210000,1699210000,1701210000,1703210000,1705210000,1707210000,1709210000,1711210000,1713210000,1715210000,1717210000,1719210000,1721210000,1723210000,1725210000,1727210000,1729210000,1731210000,1733210000,1735210000,1737210000,1739210000,1741210000,1743210000,1745210000,1747210000,1749210000,1751210000,1753210000,1755210000,1757210000,1759210000,1761210000,1763210000,1765210000,1767210000,1769210000,1771210000,1773210000,1775210000,1777210000,1779210000,1781210000,1783210000,1785210000,1787210000,1789210000,1791210000,1793210000,1795210000,1797210000,1799210000,1801210000,1803210000,1805210000,1807210000,1809210000,1811210000,1813210000,1815210000,1817210000,1819210000,1821210000,1823210000,1825210000,1827210000,1829210000,1831210000,1833210000,1835210000,1837210000,1839210000,1841210000,1843210000,1845210000,1847210000,1849210000,1851210000,1853210000,1855210000,1857210000,1859210000,1861210000,1863210000,1865210000,1867210000,1869210000,1871210000,1873210000,1875210000,1877210000,1879210000,1881210000,1883210000,1885210000,1887210000,1889210000,1891210000,1893210000,1895210000,1897210000,1899210000,1901210000,1903210000,1905210000,1907210000,1909210000,1911210000,1913210000,1915210000,1917210000,1919210000,1921210000,1923210000,1925210000,1927210000,1929210000,1931210000,1933210000,1935210000,1937210000,1939210000,1941210000,1943210000,1945210000,1947210000,1949210000,1951210000,1953210000,1955210000,1957210000,1959210000,1961210000,1963210000,1965210000,1967210000,1969210000,1971210000,1973210000,1975210000,1977210000,1979210000,1981210000,1983210000,1985210000,1987210000,1989210000,1991210000,1993210000,1995210000,1997210000,1999210000,2001210000,2003210000,2005210000,2007210000,2009210000,2011210000,2013210000,2015210000,2017210000,2019210000,2021210000,2023210000,2025210000,2027210000,2029210000,2031210000,2033210000,2035210000,2037210000,2039210000,2041210000,2043210000,2045210000,2047210000,2049210000,2051210000,2053210000,2055210000,2057210000,2059210000,2061210000,2063210000,2065210000,2067210000,2069210000,2071210000,2073210000,2075210000,2077210000,2079210000,2081210000,2083210000,2085210000,2087210000,2089210000,2091210000,2093210000,2095210000,2097210000,2099210000,2101210000,2103210000,2105210000,2107210000,2109210000,2111210000,2113210000,2115210000,2117210000,2119210000,2121210000,2123210000,2125210000,2127210000,2129210000,2131210000,2133210000,2135210000,2137210000,2139210000,2141210000,2143210000,2145210000,2147210000

//Base - 3rd Jobs, Baby 3rds, Oboro/Kagerou, Rebellion, Summoner, Star Emperor, Soul Reaper
//Note: (First 98 values [Level 1 - 98] are only used by Summoner Class, because 3rd classes start at level 99.)
175,4054:4055:4056:4057:4058:4059:4060:4061:4062:4063:4064:4065:4066:4067:4068:4069:4070:4071:4072:4073:4074:4075:4076:4077:4078:4079:4080:4081:4082:4083:4084:4085:4086:4087:4096:4097:4098:4099:4100:4101:4102:4103:4104:4105:4106:4107:4108:4109:4110:4111:4112:4211:4212:4215:4218:4220:4223:4224:4229:4239:4240:4241:4242:4243:4244,0,55,90,150,220,320,380,420,455,500,600,700,800,900,1000,1100,1200,1300,1400,1500,1800,2100,2400,2700,3000,3300,3600,3900,4200,4500,5400,6300,7200,8100,9000,9900,10800,11700,12600,13500,16200,18900,21600,24300,27000,29700,32400,35100,37800,40500,43200,45900,48600,51300,54000,56700,59400,62100,64800,67500,75600,83700,91800,99900,108000,116100,124200,132300,140400,165000,192000,210000,232500,244500,255000,270000,282000,292500,300000,345000,416000,480000,560000,640000,768000,880000,960000,1088000,1200000,1440000,1700000,2040000,2550000,3060000,3570000,4080000,4760000,5610000,6800000,7070000,7400000,7770000,8150000,8550000,9100000,9610000,10150000,10570000,11180000,12000000,12200000,12930000,13150000,14030000,14420000,15420000,15670000,16870000,17140000,18720000,19020000,20590000,20930000,22690000,23310000,25290000,26020000,27860000,28535000,30990000,31680000,33560000,34942000,36372000,38350000,39890000,41545000,43330000,45400000,48100000,50410000,53370000,56250000,59230000,62590000,66120000,70200000,75330000,81100000,95000000,98000000,103000000,107000000,112000000,116000000,121000000,125000000,130000000,134000000,139000000,145000000,152200000,160840000,171200000,191930000,202290000,214720000,229640000,247550000,283370000,301280000,322770000,348560000,379500000,441390000,99999999

//Job - Novice & Baby Novice
10,0:4023,1,10,18,28,40,91,151,205,268,340,999999999

//Job - 1st Classes & Baby 1st Classes, Taekwon
50,1:2:3:4:5:6:4024:4025:4026:4027:4028:4029:4046:4050:4225,1,288,368,568,696,1206,1774,2192,3196,5080,7352,8580,9892,13358,18984,31925,35860,40013,51605,68585,87770,96443,105515,131770,167428,206720,223860,241673,294553,362303,479053,513362,548856,656197,787507,927154,985696,1046034,1231134,1449220,1678177,1773024,2182221,2534978,3043585,3782865,4461912,4672971,5971896,6250158,6875174,7562691,8318960,9150856,10065942,11877812,14015818,16538665,19515624,23028437,28094693,34275525,41816141,51015692,62239144,79666104,101972614,130524946,167071930,213852071,218852071,223852071,228852071,233852071,238852071,243852071,248852071,253852071,258852071,263852071,268852071,273852071,278852071,283852071,288852071,293852071,298852071,303852071,308852071,313852071,318852071,323852071,328852071,333852071,338852071,343852071,348852071,353852071,358852071,363852071,368852071,373852071,378852071,383852071,388852071,393852071,398852071,403852071,408852071,413852071,418852071,423852071,428852071,433852071,438852071,443852071,448852071,453852071,458852071,463852071,468852071,473852071,478852071,483852071,488852071,493852071,498852071,503852071,508852071,513852071,518852071,523852071,528852071,533852071,538852071,543852071,548852071,553852071,558852071,563852071,568852071,573852071,578852071,583852071,588852071,593852071,598852071,603852071,608852071,613852071,618852071,623852071,628852071,633852071,638852071,643852071,648852071,653852071,658852071,663852071,668852071,673852071,678852071,683852071,688852071,693852071,698852071,703852071,708852071,713852071,718852071,723852071,728852071,733852071,738852071,743852071,748852071,753852071,758852071,763852071,768852071,773852071,778852071,783852071,788852071,793852071,798852071,803852071,808852071,813852071,818852071,823852071,828852071,833852071,838852071,843852071,848852071,853852071,858852071,863852071,868852071,873852071,878852071,883852071,888852071,893852071,898852071,903852071,908852071,913852071,918852071,923852071,928852071,933852071,938852071,943852071,948852071,953852071,958852071,963852071,968852071,973852071,978852071,983852071,988852071,993852071,998852071,1003852071,1008852071,1013852071,1018852071,1023852071,1028852071,1033852071,1038852071,1043852071,1048852071,1053852071,1058852071,1063852071,1068852071,1073852071,1078852071,1083852071,1088852071,1093852071,1098852071,1103852071,1108852071,1113852071,1118852071,1123852071,1128852071,1133852071,1138852071,1143852071

//Job - 2nd Classes & Baby 2nd Classes, Soul Linker
50,7:8:9:10:11:12:13:14:15:16:17:18:19:20:21:4030:4031:4032:4033:4034:4035:4036:4037:4038:4039:4040:4041:4042:4043:4044:4049:4051:4052:4227,1,288,368,568,696,1206,1774,2192,3196,5080,7352,8580,9892,13358,18984,31925,35860,40013,51605,68585,87770,96443,105515,131770,167428,206720,223860,241673,294553,362303,479053,513362,548856,656197,787507,927154,985696,1046034,1231134,1449220,1678177,1773024,2182221,2534978,3043585,3782865,4461912,4672971,5971896,6250158,6875174,7562691,8318960,9150856,10065942,11877812,14015818,16538665,19515624,23028437,28094693,34275525,41816141,51015692,62239144,79666104,101972614,130524946,167071930,213852071,218852071,223852071,228852071,233852071,238852071,243852071,248852071,253852071,258852071,263852071,268852071,273852071,278852071,283852071,288852071,293852071,298852071,303852071,308852071,313852071,318852071,323852071,328852071,333852071,338852071,343852071,348852071,353852071,358852071,363852071,368852071,373852071,378852071,383852071,388852071,393852071,398852071,403852071,408852071,413852071,418852071,423852071,428852071,433852071,438852071,443852071,448852071,453852071,458852071,463852071,468852071,473852071,478852071,483852071,488852071,493852071,498852071,503852071,508852071,513852071,518852071,523852071,528852071,533852071,538852071,543852071,548852071,553852071,558852071,563852071,568852071,573852071,578852071,583852071,588852071,593852071,598852071,603852071,608852071,613852071,618852071,623852071,628852071,633852071,638852071,643852071,648852071,653852071,658852071,663852071,668852071,673852071,678852071,683852071,688852071,693852071,698852071,703852071,708852071,713852071,718852071,723852071,728852071,733852071,738852071,743852071,748852071,753852071,758852071,763852071,768852071,773852071,778852071,783852071,788852071,793852071,798852071,803852071,808852071,813852071,818852071,823852071,828852071,833852071,838852071,843852071,848852071,853852071,858852071,863852071,868852071,873852071,878852071,883852071,888852071,893852071,898852071,903852071,908852071,913852071,918852071,923852071,928852071,933852071,938852071,943852071,948852071,953852071,958852071,963852071,968852071,973852071,978852071,983852071,988852071,993852071,998852071,1003852071,1008852071,1013852071,1018852071,1023852071,1028852071,1033852071,1038852071,1043852071,1048852071,1053852071,1058852071,1063852071,1068852071,1073852071,1078852071,1083852071,1088852071,1093852071,1098852071,1103852071,1108852071,1113852071,1118852071,1123852071,1128852071,1133852071,1138852071,1143852071

//Job - Novice High
10,4001,1,11,20,31,44,100,166,226,295,374,999999999

//Job - Adv First Classes
50,4002:4003:4004:4005:4006:4007,1,288,368,568,696,1206,1774,2192,3196,5080,7352,8580,9892,13358,18984,31925,35860,40013,51605,68585,87770,96443,105515,131770,167428,206720,223860,241673,294553,362303,479053,513362,548856,656197,787507,927154,985696,1046034,1231134,1449220,1678177,1773024,2182221,2534978,3043585,3782865,4461912,4672971,5971896,6250158,6875174,7562691,8318960,9150856,10065942,11877812,14015818,16538665,19515624,23028437,28094693,34275525,41816141,51015692,62239144,79666104,101972614,130524946,167071930,213852071,218852071,223852071,228852071,233852071,238852071,243852071,248852071,253852071,258852071,263852071,268852071,273852071,278852071,283852071,288852071,293852071,298852071,303852071,308852071,313852071,318852071,323852071,328852071,333852071,338852071,343852071,348852071,353852071,358852071,363852071,368852071,373852071,378852071,383852071,388852071,393852071,398852071,403852071,408852071,413852071,418852071,423852071,428852071,433852071,438852071,443852071,448852071,453852071,458852071,463852071,468852071,473852071,478852071,483852071,488852071,493852071,498852071,503852071,508852071,513852071,518852071,523852071,528852071,533852071,538852071,543852071,548852071,553852071,558852071,563852071,568852071,573852071,578852071,583852071,588852071,593852071,598852071,603852071,608852071,613852071,618852071,623852071,628852071,633852071,638852071,643852071,648852071,653852071,658852071,663852071,668852071,673852071,678852071,683852071,688852071,693852071,698852071,703852071,708852071,713852071,718852071,723852071,728852071,733852071,738852071,743852071,748852071,753852071,758852071,763852071,768852071,773852071,778852071,783852071,788852071,793852071,798852071,803852071,808852071,813852071,818852071,823852071,828852071,833852071,838852071,843852071,848852071,853852071,858852071,863852071,868852071,873852071,878852071,883852071,888852071,893852071,898852071,903852071,908852071,913852071,918852071,923852071,928852071,933852071,938852071,943852071,948852071,953852071,958852071,963852071,968852071,973852071,978852071,983852071,988852071,993852071,998852071,1003852071,1008852071,1013852071,1018852071,1023852071,1028852071,1033852071,1038852071,1043852071,1048852071,1053852071,1058852071,1063852071,1068852071,1073852071,1078852071,1083852071,1088852071,1093852071,1098852071,1103852071,1108852071,1113852071,1118852071,1123852071,1128852071,1133852071,1138852071,1143852071

//Job - Adv Second Classes
70,4008:4009:4010:4011:4012:4013:4014:4015:4016:4017:4018:4019:4020:4021:4022,1,288,368,568,696,1206,1774,2192,3196,5080,7352,8580,9892,13358,18984,31925,35860,40013,51605,68585,87770,96443,105515,131770,167428,206720,223860,241673,294553,362303,479053,513362,548856,656197,787507,927154,985696,1046034,1231134,1449220,1678177,1773024,2182221,2534978,3043585,3782865,4461912,4672971,5971896,6250158,6875174,7562691,8318960,9150856,10065942,11877812,14015818,16538665,19515624,23028437,28094693,34275525,41816141,51015692,62239144,79666104,101972614,130524946,167071930,213852071,218852071,223852071,228852071,233852071,238852071,243852071,248852071,253852071,258852071,263852071,268852071,273852071,278852071,283852071,288852071,293852071,298852071,303852071,308852071,313852071,318852071,323852071,328852071,333852071,338852071,343852071,348852071,353852071,358852071,363852071,368852071,373852071,378852071,383852071,388852071,393852071,398852071,403852071,408852071,413852071,418852071,423852071,428852071,433852071,438852071,443852071,448852071,453852071,458852071,463852071,468852071,473852071,478852071,483852071,488852071,493852071,498852071,503852071,508852071,513852071,518852071,523852071,528852071,533852071,538852071,543852071,548852071,553852071,558852071,563852071,568852071,573852071,578852071,583852071,588852071,593852071,598852071,603852071,608852071,613852071,618852071,623852071,628852071,633852071,638852071,643852071,648852071,653852071,658852071,663852071,668852071,673852071,678852071,683852071,688852071,693852071,698852071,703852071,708852071,713852071,718852071,723852071,728852071,733852071,738852071,743852071,748852071,753852071,758852071,763852071,768852071,773852071,778852071,783852071,788852071,793852071,798852071,803852071,808852071,813852071,818852071,823852071,828852071,833852071,838852071,843852071,848852071,853852071,858852071,863852071,868852071,873852071,878852071,883852071,888852071,893852071,898852071,903852071,908852071,913852071,918852071,923852071,928852071,933852071,938852071,943852071,948852071,953852071,958852071,963852071,968852071,973852071,978852071,983852071,988852071,993852071,998852071,1003852071,1008852071,1013852071,1018852071,1023852071,1028852071,1033852071,1038852071,1043852071,1048852071,1053852071,1058852071,1063852071,1068852071,1073852071,1078852071,1083852071,1088852071,1093852071,1098852071,1103852071,1108852071,1113852071,1118852071,1123852071,1128852071,1133852071,1138852071,1143852071

//Job - 3rd Jobs & Baby 3rds, Oboro/Kagerou, Rebellion, Star Emperor, Soul Reaper
60,4054:4055:4056:4057:4058:4059:4060:4061:4062:4063:4064:4065:4066:4067:4068:4069:4070:4071:4072:4073:4074:4075:4076:4077:4078:4079:4080:4081:4082:4083:4084:4085:4086:4087:4096:4097:4098:4099:4100:4101:4102:4103:4104:4105:4106:4107:4108:4109:4110:4111:4112:4211:4212:4215:4223:4224:4229:4239:4240:4241:4242:4243:4244,1,112000,355000,615000,917000,1253000,1595000,2007000,2430000,2868000,3420000,3863000,4504000,4998000,5769000,6321000,7254000,7870000,9015000,9530000,11072000,11848000,13467000,14337000,16243000,17216000,19446000,20781000,23070000,24453000,27568000,29118000,31820000,34125000,37048000,40204000,42972000,45937000,49110000,52696000,57158000,61305000,67167000,72285000,77647000,83624000,91113000,98548000,107630000,119077000,131668000,145518000,160753000,177511000,195944000,216220000,238523000,263056000,290042000,319726000,999999999

//Job - Expanded Super Novice & Expanded Super Baby
50,4190:4191,1,288,368,568,696,1206,1774,2192,3196,5080,7352,8580,9892,13358,18984,31925,35860,40013,51605,68585,87770,96443,105515,131770,167428,206720,223860,241673,294553,362303,479053,513362,548856,656197,787507,927154,985696,1046034,1231134,1449220,1678177,1773024,2182221,2534978,3043585,3782865,4461912,4672971,5971896,6250158,6875174,7562691,8318960,9150856,10065942,11877812,14015818,16538665,19515624,23028437,28094693,34275525,41816141,51015692,62239144,79666104,101972614,130524946,167071930,213852071,218852071,223852071,228852071,233852071,238852071,243852071,248852071,253852071,258852071,263852071,268852071,273852071,278852071,283852071,288852071,293852071,298852071,303852071,308852071,313852071,318852071,323852071,328852071,333852071,338852071,343852071,348852071,353852071,358852071,363852071,368852071,373852071,378852071,383852071,388852071,393852071,398852071,403852071,408852071,413852071,418852071,423852071,428852071,433852071,438852071,443852071,448852071,453852071,458852071,463852071,468852071,473852071,478852071,483852071,488852071,493852071,498852071,503852071,508852071,513852071,518852071,523852071,528852071,533852071,538852071,543852071,548852071,553852071,558852071,563852071,568852071,573852071,578852071,583852071,588852071,593852071,598852071,603852071,608852071,613852071,618852071,623852071,628852071,633852071,638852071,643852071,648852071,653852071,658852071,663852071,668852071,673852071,678852071,683852071,688852071,693852071,698852071,703852071,708852071,713852071,718852071,723852071,728852071,733852071,738852071,743852071,748852071,753852071,758852071,763852071,768852071,773852071,778852071,783852071,788852071,793852071,798852071,803852071,808852071,813852071,818852071,823852071,828852071,833852071,838852071,843852071,848852071,853852071,858852071,863852071,868852071,873852071,878852071,883852071,888852071,893852071,898852071,903852071,908852071,913852071,918852071,923852071,928852071,933852071,938852071,943852071,948852071,953852071,958852071,963852071,968852071,973852071,978852071,983852071,988852071,993852071,998852071,1003852071,1008852071,1013852071,1018852071,1023852071,1028852071,1033852071,1038852071,1043852071,1048852071,1053852071,1058852071,1063852071,1068852071,1073852071,1078852071,1083852071,1088852071,1093852071,1098852071,1103852071,1108852071,1113852071,1118852071,1123852071,1128852071,1133852071,1138852071,1143852071

//Job - Ninja/Gunslinger
70,24:25:4222:4228,1,288,368,568,696,1206,1774,2192,3196,5080,7352,8580,9892,13358,18984,31925,35860,40013,51605,68585,87770,96443,105515,131770,167428,206720,223860,241673,294553,362303,479053,513362,548856,656197,787507,927154,985696,1046034,1231134,1449220,1678177,1773024,2182221,2534978,3043585,3782865,4461912,4672971,5971896,6250158,6875174,7562691,8318960,9150856,10065942,11877812,14015818,16538665,19515624,23028437,28094693,34275525,41816141,51015692,62239144,79666104,101972614,130524946,167071930,213852071,218852071,223852071,228852071,233852071,238852071,243852071,248852071,253852071,258852071,263852071,268852071,273852071,278852071,283852071,288852071,293852071,298852071,303852071,308852071,313852071,318852071,323852071,328852071,333852071,338852071,343852071,348852071,353852071,358852071,363852071,368852071,373852071,378852071,383852071,388852071,393852071,398852071,403852071,408852071,413852071,418852071,423852071,428852071,433852071,438852071,443852071,448852071,453852071,458852071,463852071,468852071,473852071,478852071,483852071,488852071,493852071,498852071,503852071,508852071,513852071,518852071,523852071,528852071,533852071,538852071,543852071,548852071,553852071,558852071,563852071,568852071,573852071,578852071,583852071,588852071,593852071,598852071,603852071,608852071,613852071,618852071,623852071,628852071,633852071,638852071,643852071,648852071,653852071,658852071,663852071,668852071,673852071,678852071,683852071,688852071,693852071,698852071,703852071,708852071,713852071,718852071,723852071,728852071,733852071,738852071,743852071,748852071,753852071,758852071,763852071,768852071,773852071,778852071,783852071,788852071,793852071,798852071,803852071,808852071,813852071,818852071,823852071,828852071,833852071,838852071,843852071,848852071,853852071,858852071,863852071,868852071,873852071,878852071,883852071,888852071,893852071,898852071,903852071,908852071,913852071,918852071,923852071,928852071,933852071,938852071,943852071,948852071,953852071,958852071,963852071,968852071,973852071,978852071,983852071,988852071,993852071,998852071,1003852071,1008852071,1013852071,1018852071,1023852071,1028852071,1033852071,1038852071,1043852071,1048852071,1053852071,1058852071,1063852071,1068852071,1073852071,1078852071,1083852071,1088852071,1093852071,1098852071,1103852071,1108852071,1113852071,1118852071,1123852071,1128852071,1133852071,1138852071,1143852071

//Job - Star Gladiator
50,4047:4048:4226:4238,1,288,368,568,696,1206,1774,2192,3196,5080,7352,8580,9892,13358,18984,31925,35860,40013,51605,68585,87770,96443,105515,131770,167428,206720,223860,241673,294553,362303,479053,513362,548856,656197,787507,927154,985696,1046034,1231134,1449220,1678177,1773024,2182221,2534978,3043585,3782865,4461912,4672971,5971896,6250158,6875174,7562691,8318960,9150856,10065942,11877812,14015818,16538665,19515624,23028437,28094693,34275525,41816141,51015692,62239144,79666104,101972614,130524946,167071930,213852071,218852071,223852071,228852071,233852071,238852071,243852071,248852071,253852071,258852071,263852071,268852071,273852071,278852071,283852071,288852071,293852071,298852071,303852071,308852071,313852071,318852071,323852071,328852071,333852071,338852071,343852071,348852071,353852071,358852071,363852071,368852071,373852071,378852071,383852071,388852071,393852071,398852071,403852071,408852071,413852071,418852071,423852071,428852071,433852071,438852071,443852071,448852071,453852071,458852071,463852071,468852071,473852071,478852071,483852071,488852071,493852071,498852071,503852071,508852071,513852071,518852071,523852071,528852071,533852071,538852071,543852071,548852071,553852071,558852071,563852071,568852071,573852071,578852071,583852071,588852071,593852071,598852071,603852071,608852071,613852071,618852071,623852071,628852071,633852071,638852071,643852071,648852071,653852071,658852071,663852071,668852071,673852071,678852071,683852071,688852071,693852071,698852071,703852071,708852071,713852071,718852071,723852071,728852071,733852071,738852071,743852071,748852071,753852071,758852071,763852071,768852071,773852071,778852071,783852071,788852071,793852071,798852071,803852071,808852071,813852071,818852071,823852071,828852071,833852071,838852071,843852071,848852071,853852071,858852071,863852071,868852071,873852071,878852071,883852071,888852071,893852071,898852071,903852071,908852071,913852071,918852071,923852071,928852071,933852071,938852071,943852071,948852071,953852071,958852071,963852071,968852071,973852071,978852071,983852071,988852071,993852071,998852071,1003852071,1008852071,1013852071,1018852071,1023852071,1028852071,1033852071,1038852071,1043852071,1048852071,1053852071,1058852071,1063852071,1068852071,1073852071,1078852071,1083852071,1088852071,1093852071,1098852071,1103852071,1108852071,1113852071,1118852071,1123852071,1128852071,1133852071,1138852071,1143852071

//Job - Super Novice & Baby Super Novice
99,23:4045,1,288,368,568,696,1206,1774,2192,3196,5080,7352,8580,9892,13358,18984,31925,35860,40013,51605,68585,87770,96443,105515,131770,167428,206720,223860,241673,294553,362303,479053,513362,548856,656197,787507,927154,985696,1046034,1231134,1449220,1678177,1773024,2182221,2534978,3043585,3782865,4461912,4672971,5971896,6250158,6875174,7562691,8318960,9150856,10065942,11877812,14015818,16538665,19515624,23028437,28094693,34275525,41816141,51015692,62239144,79666104,101972614,130524946,167071930,213852071,218852071,223852071,228852071,233852071,238852071,243852071,248852071,253852071,258852071,263852071,268852071,273852071,278852071,283852071,288852071,293852071,298852071,303852071,308852071,313852071,318852071,323852071,328852071,333852071,338852071,343852071,348852071,353852071,358852071,363852071,368852071,373852071,378852071,383852071,388852071,393852071,398852071,403852071,408852071,413852071,418852071,423852071,428852071,433852071,438852071,443852071,448852071,453852071,458852071,463852071,468852071,473852071,478852071,483852071,488852071,493852071,498852071,503852071,508852071,513852071,518852071,523852071,528852071,533852071,538852071,543852071,548852071,553852071,558852071,563852071,568852071,573852071,578852071,583852071,588852071,593852071,598852071,603852071,608852071,613852071,618852071,623852071,628852071,633852071,638852071,643852071,648852071,653852071,658852071,663852071,668852071,673852071,678852071,683852071,688852071,693852071,698852071,703852071,708852071,713852071,718852071,723852071,728852071,733852071,738852071,743852071,748852071,753852071,758852071,763852071,768852071,773852071,778852071,783852071,788852071,793852071,798852071,803852071,808852071,813852071,818852071,823852071,828852071,833852071,838852071,843852071,848852071,853852071,858852071,863852071,868852071,873852071,878852071,883852071,888852071,893852071,898852071,903852071,908852071,913852071,918852071,923852071,928852071,933852071,938852071,943852071,948852071,953852071,958852071,963852071,968852071,973852071,978852071,983852071,988852071,993852071,998852071,1003852071,1008852071,1013852071,1018852071,1023852071,1028852071,1033852071,1038852071,1043852071,1048852071,1053852071,1058852071,1063852071,1068852071,1073852071,1078852071,1083852071,1088852071,1093852071,1098852071,1103852071,1108852071,1113852071,1118852071,1123852071,1128852071,1133852071,1138852071,1143852071

//Job - Summoner
50,4218:4220,1,60,130,260,460,780,1060,1300,1560,1910,2500,4200,7000,10300,15900,18900,20900,22600,24900,28800,31500,34900,38300,41700,45100,48500,51900,55000,72000,89000,106000,112000,355000,615000,917000,1253000,1595000,2007000,2430000,2868000,3420000,3863000,4504000,4998000,5769000,6321000,7254000,7870000,9015000,9530000,999999999
